camera{
	location <0,0,0>
	sky<0,1,0>
	look_at <0,0,-100>
	up	<0,1,0>
	right	<-1.333,0,0>
}
background {color rgb<0.000000,0.000000,0.000000>}
light_source {
	<5.000000, 1.500000, 15.000000>
	color rgb <1.000000, 1.000000, 1.000000>
	fade_distance 1000.000000
	fade_power 1.400000
}

light_source {
	<5.000000, 1.500000, 15.000000>
	color rgb <1.000000, 1.000000, 1.000000>
	spotlight
	radius		120.000000 
	tightness	0 
	falloff		180 
	point_at <5.000000,1.500000,14.000000>
}

global_settings {ambient_light rgb <0.400000,1.000000,1.000000>}

polygon{
	5,
	<0,0,0>
	<0,0,52>
	<52,0,52>
	<52,0,0>
	<0,0,0>


	texture {
		pigment{
			image_map{
				ppm "./grass.ppm"
				map_type 0
			}
		}
		translate<0.000000000000000,0.000000000000000,0.000000000000000>
		scale<1.000000000000000,1.000000000000000,1.000000000000000>
		rotate<-90*0.000000000000000*1.000000000000000,90*0.062790520489216*1.000000000000000,90*-0.998026728630066*1.000000000000000>
	}
	matrix
		<1.000000000000000,0.000000000000000,0.000000000000000,
		0.000000000000000,0.819152057170868,0.573576450347900,
		0.000000000000000,-0.573576450347900,0.819152057170868,
		-19.000000000000000,14.339410781860352,-70.478805541992188>
}
polygon{
	5,
	<0.5,2,0.5>
	<1,2,0.5>
	<1,2,1>
	<0.5,2,1>
	<0.5,2,0.5>


	texture {
//material disabled reverting to direct coloring
			pigment{color	rgb <0.589999973773956,0.409999996423721,0.310000002384186>}
	}
	matrix
		<1.000000000000000,0.000000000000000,0.000000000000000,
		0.000000000000000,0.819152057170868,0.573576450347900,
		0.000000000000000,-0.573576450347900,0.819152057170868,
		-19.000000000000000,14.339410781860352,-70.478805541992188>
}
polygon{
	5,
	<0.5,0.1,0.5>
	<1,0.1,0.5>
	<1,2,0.5>
	<0.5,2,0.5>
	<0.5,0.1,0.5>


	texture {
//material disabled reverting to direct coloring
			pigment{color	rgb <0.589999973773956,0.409999996423721,0.310000002384186>}
	}
	matrix
		<1.000000000000000,0.000000000000000,0.000000000000000,
		0.000000000000000,0.819152057170868,0.573576450347900,
		0.000000000000000,-0.573576450347900,0.819152057170868,
		-19.000000000000000,14.339410781860352,-70.478805541992188>
}
polygon{
	5,
	<0.5,0.1,1>
	<1,0.1,1>
	<1,2,1>
	<0.5,2,1>
	<0.5,0.1,1>


	texture {
//material disabled reverting to direct coloring
			pigment{color	rgb <0.589999973773956,0.409999996423721,0.310000002384186>}
	}
	matrix
		<1.000000000000000,0.000000000000000,0.000000000000000,
		0.000000000000000,0.819152057170868,0.573576450347900,
		0.000000000000000,-0.573576450347900,0.819152057170868,
		-19.000000000000000,14.339410781860352,-70.478805541992188>
}
polygon{
	5,
	<1,0.1,0.5>
	<1,0.1,1>
	<1,2,1>
	<1,2,0.5>
	<1,0.1,0.5>


	texture {
//material disabled reverting to direct coloring
			pigment{color	rgb <0.589999973773956,0.409999996423721,0.310000002384186>}
	}
	matrix
		<1.000000000000000,0.000000000000000,0.000000000000000,
		0.000000000000000,0.819152057170868,0.573576450347900,
		0.000000000000000,-0.573576450347900,0.819152057170868,
		-19.000000000000000,14.339410781860352,-70.478805541992188>
}
polygon{
	5,
	<0.5,0.1,0.5>
	<0.5,0.1,1>
	<0.5,2,1>
	<0.5,2,0.5>
	<0.5,0.1,0.5>


	texture {
//material disabled reverting to direct coloring
			pigment{color	rgb <0.589999973773956,0.409999996423721,0.310000002384186>}
	}
	matrix
		<1.000000000000000,0.000000000000000,0.000000000000000,
		0.000000000000000,0.819152057170868,0.573576450347900,
		0.000000000000000,-0.573576450347900,0.819152057170868,
		-19.000000000000000,14.339410781860352,-70.478805541992188>
}
polygon{
	5,
	<0.6,0.3,0.5>
	<0.6,0.3,3>
	<0.9,0.3,3>
	<0.9,0.3,0.5>
	<0.6,0.3,0.5>


	texture {
//material disabled reverting to direct coloring
			pigment{color	rgb <0.589999973773956,0.409999996423721,0.310000002384186>}
	}
	matrix
		<1.000000000000000,0.000000000000000,0.000000000000000,
		0.000000000000000,0.819152057170868,0.573576450347900,
		0.000000000000000,-0.573576450347900,0.819152057170868,
		-19.000000000000000,14.339410781860352,-70.478805541992188>
}
polygon{
	5,
	<0.6,0.7,0.5>
	<0.6,0.7,3>
	<0.9,0.7,3>
	<0.9,0.7,0.5>
	<0.6,0.7,0.5>


	texture {
//material disabled reverting to direct coloring
			pigment{color	rgb <0.589999973773956,0.409999996423721,0.310000002384186>}
	}
	matrix
		<1.000000000000000,0.000000000000000,0.000000000000000,
		0.000000000000000,0.819152057170868,0.573576450347900,
		0.000000000000000,-0.573576450347900,0.819152057170868,
		-19.000000000000000,14.339410781860352,-70.478805541992188>
}
polygon{
	5,
	<0.6,1.3,0.5>
	<0.6,1.3,3>
	<0.9,1.3,3>
	<0.9,1.3,0.5>
	<0.6,1.3,0.5>


	texture {
//material disabled reverting to direct coloring
			pigment{color	rgb <0.589999973773956,0.409999996423721,0.310000002384186>}
	}
	matrix
		<1.000000000000000,0.000000000000000,0.000000000000000,
		0.000000000000000,0.819152057170868,0.573576450347900,
		0.000000000000000,-0.573576450347900,0.819152057170868,
		-19.000000000000000,14.339410781860352,-70.478805541992188>
}
polygon{
	5,
	<0.6,1.7,0.5>
	<0.6,1.7,3>
	<0.9,1.7,3>
	<0.9,1.7,0.5>
	<0.6,1.7,0.5>


	texture {
//material disabled reverting to direct coloring
			pigment{color	rgb <0.589999973773956,0.409999996423721,0.310000002384186>}
	}
	matrix
		<1.000000000000000,0.000000000000000,0.000000000000000,
		0.000000000000000,0.819152057170868,0.573576450347900,
		0.000000000000000,-0.573576450347900,0.819152057170868,
		-19.000000000000000,14.339410781860352,-70.478805541992188>
}
polygon{
	5,
	<0.6,0.3,0.5>
	<0.6,0.3,3>
	<0.6,0.7,3>
	<0.6,0.7,0.5>
	<0.6,0.3,0.5>


	texture {
//material disabled reverting to direct coloring
			pigment{color	rgb <0.589999973773956,0.409999996423721,0.310000002384186>}
	}
	matrix
		<1.000000000000000,0.000000000000000,0.000000000000000,
		0.000000000000000,0.819152057170868,0.573576450347900,
		0.000000000000000,-0.573576450347900,0.819152057170868,
		-19.000000000000000,14.339410781860352,-70.478805541992188>
}
polygon{
	5,
	<0.9,0.3,0.5>
	<0.9,0.3,3>
	<0.9,0.7,3>
	<0.9,0.7,0.5>
	<0.9,0.3,0.5>


	texture {
//material disabled reverting to direct coloring
			pigment{color	rgb <0.589999973773956,0.409999996423721,0.310000002384186>}
	}
	matrix
		<1.000000000000000,0.000000000000000,0.000000000000000,
		0.000000000000000,0.819152057170868,0.573576450347900,
		0.000000000000000,-0.573576450347900,0.819152057170868,
		-19.000000000000000,14.339410781860352,-70.478805541992188>
}
polygon{
	5,
	<0.6,1.3,0.5>
	<0.6,1.3,3>
	<0.6,1.7,3>
	<0.6,1.7,0.5>
	<0.6,1.3,0.5>


	texture {
//material disabled reverting to direct coloring
			pigment{color	rgb <0.589999973773956,0.409999996423721,0.310000002384186>}
	}
	matrix
		<1.000000000000000,0.000000000000000,0.000000000000000,
		0.000000000000000,0.819152057170868,0.573576450347900,
		0.000000000000000,-0.573576450347900,0.819152057170868,
		-19.000000000000000,14.339410781860352,-70.478805541992188>
}
polygon{
	5,
	<0.9,1.3,0.5>
	<0.9,1.3,3>
	<0.9,1.7,3>
	<0.9,1.7,0.5>
	<0.9,1.3,0.5>


	texture {
//material disabled reverting to direct coloring
			pigment{color	rgb <0.589999973773956,0.409999996423721,0.310000002384186>}
	}
	matrix
		<1.000000000000000,0.000000000000000,0.000000000000000,
		0.000000000000000,0.819152057170868,0.573576450347900,
		0.000000000000000,-0.573576450347900,0.819152057170868,
		-19.000000000000000,14.339410781860352,-70.478805541992188>
}
polygon{
	5,
	<0.5,2,2.5>
	<1,2,2.5>
	<1,2,3>
	<0.5,2,3>
	<0.5,2,2.5>


	texture {
//material disabled reverting to direct coloring
			pigment{color	rgb <0.589999973773956,0.409999996423721,0.310000002384186>}
	}
	matrix
		<1.000000000000000,0.000000000000000,0.000000000000000,
		0.000000000000000,0.819152057170868,0.573576450347900,
		0.000000000000000,-0.573576450347900,0.819152057170868,
		-19.000000000000000,14.339410781860352,-70.478805541992188>
}
polygon{
	5,
	<0.5,0.1,2.5>
	<1,0.1,2.5>
	<1,2,2.5>
	<0.5,2,2.5>
	<0.5,0.1,2.5>


	texture {
//material disabled reverting to direct coloring
			pigment{color	rgb <0.589999973773956,0.409999996423721,0.310000002384186>}
	}
	matrix
		<1.000000000000000,0.000000000000000,0.000000000000000,
		0.000000000000000,0.819152057170868,0.573576450347900,
		0.000000000000000,-0.573576450347900,0.819152057170868,
		-19.000000000000000,14.339410781860352,-70.478805541992188>
}
polygon{
	5,
	<0.5,0.1,3>
	<1,0.1,3>
	<1,2,3>
	<0.5,2,3>
	<0.5,0.1,3>


	texture {
//material disabled reverting to direct coloring
			pigment{color	rgb <0.589999973773956,0.409999996423721,0.310000002384186>}
	}
	matrix
		<1.000000000000000,0.000000000000000,0.000000000000000,
		0.000000000000000,0.819152057170868,0.573576450347900,
		0.000000000000000,-0.573576450347900,0.819152057170868,
		-19.000000000000000,14.339410781860352,-70.478805541992188>
}
polygon{
	5,
	<1,0.1,2.5>
	<1,0.1,3>
	<1,2,3>
	<1,2,2.5>
	<1,0.1,2.5>


	texture {
//material disabled reverting to direct coloring
			pigment{color	rgb <0.589999973773956,0.409999996423721,0.310000002384186>}
	}
	matrix
		<1.000000000000000,0.000000000000000,0.000000000000000,
		0.000000000000000,0.819152057170868,0.573576450347900,
		0.000000000000000,-0.573576450347900,0.819152057170868,
		-19.000000000000000,14.339410781860352,-70.478805541992188>
}
polygon{
	5,
	<0.5,0.1,2.5>
	<0.5,0.1,3>
	<0.5,2,3>
	<0.5,2,2.5>
	<0.5,0.1,2.5>


	texture {
//material disabled reverting to direct coloring
			pigment{color	rgb <0.589999973773956,0.409999996423721,0.310000002384186>}
	}
	matrix
		<1.000000000000000,0.000000000000000,0.000000000000000,
		0.000000000000000,0.819152057170868,0.573576450347900,
		0.000000000000000,-0.573576450347900,0.819152057170868,
		-19.000000000000000,14.339410781860352,-70.478805541992188>
}
polygon{
	5,
	<0.6,0.3,2.5>
	<0.6,0.3,5>
	<0.9,0.3,5>
	<0.9,0.3,2.5>
	<0.6,0.3,2.5>


	texture {
//material disabled reverting to direct coloring
			pigment{color	rgb <0.589999973773956,0.409999996423721,0.310000002384186>}
	}
	matrix
		<1.000000000000000,0.000000000000000,0.000000000000000,
		0.000000000000000,0.819152057170868,0.573576450347900,
		0.000000000000000,-0.573576450347900,0.819152057170868,
		-19.000000000000000,14.339410781860352,-70.478805541992188>
}
polygon{
	5,
	<0.6,0.7,2.5>
	<0.6,0.7,5>
	<0.9,0.7,5>
	<0.9,0.7,2.5>
	<0.6,0.7,2.5>


	texture {
//material disabled reverting to direct coloring
			pigment{color	rgb <0.589999973773956,0.409999996423721,0.310000002384186>}
	}
	matrix
		<1.000000000000000,0.000000000000000,0.000000000000000,
		0.000000000000000,0.819152057170868,0.573576450347900,
		0.000000000000000,-0.573576450347900,0.819152057170868,
		-19.000000000000000,14.339410781860352,-70.478805541992188>
}
polygon{
	5,
	<0.6,1.3,2.5>
	<0.6,1.3,5>
	<0.9,1.3,5>
	<0.9,1.3,2.5>
	<0.6,1.3,2.5>


	texture {
//material disabled reverting to direct coloring
			pigment{color	rgb <0.589999973773956,0.409999996423721,0.310000002384186>}
	}
	matrix
		<1.000000000000000,0.000000000000000,0.000000000000000,
		0.000000000000000,0.819152057170868,0.573576450347900,
		0.000000000000000,-0.573576450347900,0.819152057170868,
		-19.000000000000000,14.339410781860352,-70.478805541992188>
}
polygon{
	5,
	<0.6,1.7,2.5>
	<0.6,1.7,5>
	<0.9,1.7,5>
	<0.9,1.7,2.5>
	<0.6,1.7,2.5>


	texture {
//material disabled reverting to direct coloring
			pigment{color	rgb <0.589999973773956,0.409999996423721,0.310000002384186>}
	}
	matrix
		<1.000000000000000,0.000000000000000,0.000000000000000,
		0.000000000000000,0.819152057170868,0.573576450347900,
		0.000000000000000,-0.573576450347900,0.819152057170868,
		-19.000000000000000,14.339410781860352,-70.478805541992188>
}
polygon{
	5,
	<0.6,0.3,2.5>
	<0.6,0.3,5>
	<0.6,0.7,5>
	<0.6,0.7,2.5>
	<0.6,0.3,2.5>


	texture {
//material disabled reverting to direct coloring
			pigment{color	rgb <0.589999973773956,0.409999996423721,0.310000002384186>}
	}
	matrix
		<1.000000000000000,0.000000000000000,0.000000000000000,
		0.000000000000000,0.819152057170868,0.573576450347900,
		0.000000000000000,-0.573576450347900,0.819152057170868,
		-19.000000000000000,14.339410781860352,-70.478805541992188>
}
polygon{
	5,
	<0.9,0.3,2.5>
	<0.9,0.3,5>
	<0.9,0.7,5>
	<0.9,0.7,2.5>
	<0.9,0.3,2.5>


	texture {
//material disabled reverting to direct coloring
			pigment{color	rgb <0.589999973773956,0.409999996423721,0.310000002384186>}
	}
	matrix
		<1.000000000000000,0.000000000000000,0.000000000000000,
		0.000000000000000,0.819152057170868,0.573576450347900,
		0.000000000000000,-0.573576450347900,0.819152057170868,
		-19.000000000000000,14.339410781860352,-70.478805541992188>
}
polygon{
	5,
	<0.6,1.3,2.5>
	<0.6,1.3,5>
	<0.6,1.7,5>
	<0.6,1.7,2.5>
	<0.6,1.3,2.5>


	texture {
//material disabled reverting to direct coloring
			pigment{color	rgb <0.589999973773956,0.409999996423721,0.310000002384186>}
	}
	matrix
		<1.000000000000000,0.000000000000000,0.000000000000000,
		0.000000000000000,0.819152057170868,0.573576450347900,
		0.000000000000000,-0.573576450347900,0.819152057170868,
		-19.000000000000000,14.339410781860352,-70.478805541992188>
}
polygon{
	5,
	<0.9,1.3,2.5>
	<0.9,1.3,5>
	<0.9,1.7,5>
	<0.9,1.7,2.5>
	<0.9,1.3,2.5>


	texture {
//material disabled reverting to direct coloring
			pigment{color	rgb <0.589999973773956,0.409999996423721,0.310000002384186>}
	}
	matrix
		<1.000000000000000,0.000000000000000,0.000000000000000,
		0.000000000000000,0.819152057170868,0.573576450347900,
		0.000000000000000,-0.573576450347900,0.819152057170868,
		-19.000000000000000,14.339410781860352,-70.478805541992188>
}
polygon{
	5,
	<0.5,2,4.5>
	<1,2,4.5>
	<1,2,5>
	<0.5,2,5>
	<0.5,2,4.5>


	texture {
//material disabled reverting to direct coloring
			pigment{color	rgb <0.589999973773956,0.409999996423721,0.310000002384186>}
	}
	matrix
		<1.000000000000000,0.000000000000000,0.000000000000000,
		0.000000000000000,0.819152057170868,0.573576450347900,
		0.000000000000000,-0.573576450347900,0.819152057170868,
		-19.000000000000000,14.339410781860352,-70.478805541992188>
}
polygon{
	5,
	<0.5,0.1,4.5>
	<1,0.1,4.5>
	<1,2,4.5>
	<0.5,2,4.5>
	<0.5,0.1,4.5>


	texture {
//material disabled reverting to direct coloring
			pigment{color	rgb <0.589999973773956,0.409999996423721,0.310000002384186>}
	}
	matrix
		<1.000000000000000,0.000000000000000,0.000000000000000,
		0.000000000000000,0.819152057170868,0.573576450347900,
		0.000000000000000,-0.573576450347900,0.819152057170868,
		-19.000000000000000,14.339410781860352,-70.478805541992188>
}
polygon{
	5,
	<0.5,0.1,5>
	<1,0.1,5>
	<1,2,5>
	<0.5,2,5>
	<0.5,0.1,5>


	texture {
//material disabled reverting to direct coloring
			pigment{color	rgb <0.589999973773956,0.409999996423721,0.310000002384186>}
	}
	matrix
		<1.000000000000000,0.000000000000000,0.000000000000000,
		0.000000000000000,0.819152057170868,0.573576450347900,
		0.000000000000000,-0.573576450347900,0.819152057170868,
		-19.000000000000000,14.339410781860352,-70.478805541992188>
}
polygon{
	5,
	<1,0.1,4.5>
	<1,0.1,5>
	<1,2,5>
	<1,2,4.5>
	<1,0.1,4.5>


	texture {
//material disabled reverting to direct coloring
			pigment{color	rgb <0.589999973773956,0.409999996423721,0.310000002384186>}
	}
	matrix
		<1.000000000000000,0.000000000000000,0.000000000000000,
		0.000000000000000,0.819152057170868,0.573576450347900,
		0.000000000000000,-0.573576450347900,0.819152057170868,
		-19.000000000000000,14.339410781860352,-70.478805541992188>
}
polygon{
	5,
	<0.5,0.1,4.5>
	<0.5,0.1,5>
	<0.5,2,5>
	<0.5,2,4.5>
	<0.5,0.1,4.5>


	texture {
//material disabled reverting to direct coloring
			pigment{color	rgb <0.589999973773956,0.409999996423721,0.310000002384186>}
	}
	matrix
		<1.000000000000000,0.000000000000000,0.000000000000000,
		0.000000000000000,0.819152057170868,0.573576450347900,
		0.000000000000000,-0.573576450347900,0.819152057170868,
		-19.000000000000000,14.339410781860352,-70.478805541992188>
}
polygon{
	5,
	<0.6,0.3,4.5>
	<0.6,0.3,7>
	<0.9,0.3,7>
	<0.9,0.3,4.5>
	<0.6,0.3,4.5>


	texture {
//material disabled reverting to direct coloring
			pigment{color	rgb <0.589999973773956,0.409999996423721,0.310000002384186>}
	}
	matrix
		<1.000000000000000,0.000000000000000,0.000000000000000,
		0.000000000000000,0.819152057170868,0.573576450347900,
		0.000000000000000,-0.573576450347900,0.819152057170868,
		-19.000000000000000,14.339410781860352,-70.478805541992188>
}
polygon{
	5,
	<0.6,0.7,4.5>
	<0.6,0.7,7>
	<0.9,0.7,7>
	<0.9,0.7,4.5>
	<0.6,0.7,4.5>


	texture {
//material disabled reverting to direct coloring
			pigment{color	rgb <0.589999973773956,0.409999996423721,0.310000002384186>}
	}
	matrix
		<1.000000000000000,0.000000000000000,0.000000000000000,
		0.000000000000000,0.819152057170868,0.573576450347900,
		0.000000000000000,-0.573576450347900,0.819152057170868,
		-19.000000000000000,14.339410781860352,-70.478805541992188>
}
polygon{
	5,
	<0.6,1.3,4.5>
	<0.6,1.3,7>
	<0.9,1.3,7>
	<0.9,1.3,4.5>
	<0.6,1.3,4.5>


	texture {
//material disabled reverting to direct coloring
			pigment{color	rgb <0.589999973773956,0.409999996423721,0.310000002384186>}
	}
	matrix
		<1.000000000000000,0.000000000000000,0.000000000000000,
		0.000000000000000,0.819152057170868,0.573576450347900,
		0.000000000000000,-0.573576450347900,0.819152057170868,
		-19.000000000000000,14.339410781860352,-70.478805541992188>
}
polygon{
	5,
	<0.6,1.7,4.5>
	<0.6,1.7,7>
	<0.9,1.7,7>
	<0.9,1.7,4.5>
	<0.6,1.7,4.5>


	texture {
//material disabled reverting to direct coloring
			pigment{color	rgb <0.589999973773956,0.409999996423721,0.310000002384186>}
	}
	matrix
		<1.000000000000000,0.000000000000000,0.000000000000000,
		0.000000000000000,0.819152057170868,0.573576450347900,
		0.000000000000000,-0.573576450347900,0.819152057170868,
		-19.000000000000000,14.339410781860352,-70.478805541992188>
}
polygon{
	5,
	<0.6,0.3,4.5>
	<0.6,0.3,7>
	<0.6,0.7,7>
	<0.6,0.7,4.5>
	<0.6,0.3,4.5>


	texture {
//material disabled reverting to direct coloring
			pigment{color	rgb <0.589999973773956,0.409999996423721,0.310000002384186>}
	}
	matrix
		<1.000000000000000,0.000000000000000,0.000000000000000,
		0.000000000000000,0.819152057170868,0.573576450347900,
		0.000000000000000,-0.573576450347900,0.819152057170868,
		-19.000000000000000,14.339410781860352,-70.478805541992188>
}
polygon{
	5,
	<0.9,0.3,4.5>
	<0.9,0.3,7>
	<0.9,0.7,7>
	<0.9,0.7,4.5>
	<0.9,0.3,4.5>


	texture {
//material disabled reverting to direct coloring
			pigment{color	rgb <0.589999973773956,0.409999996423721,0.310000002384186>}
	}
	matrix
		<1.000000000000000,0.000000000000000,0.000000000000000,
		0.000000000000000,0.819152057170868,0.573576450347900,
		0.000000000000000,-0.573576450347900,0.819152057170868,
		-19.000000000000000,14.339410781860352,-70.478805541992188>
}
polygon{
	5,
	<0.6,1.3,4.5>
	<0.6,1.3,7>
	<0.6,1.7,7>
	<0.6,1.7,4.5>
	<0.6,1.3,4.5>


	texture {
//material disabled reverting to direct coloring
			pigment{color	rgb <0.589999973773956,0.409999996423721,0.310000002384186>}
	}
	matrix
		<1.000000000000000,0.000000000000000,0.000000000000000,
		0.000000000000000,0.819152057170868,0.573576450347900,
		0.000000000000000,-0.573576450347900,0.819152057170868,
		-19.000000000000000,14.339410781860352,-70.478805541992188>
}
polygon{
	5,
	<0.9,1.3,4.5>
	<0.9,1.3,7>
	<0.9,1.7,7>
	<0.9,1.7,4.5>
	<0.9,1.3,4.5>


	texture {
//material disabled reverting to direct coloring
			pigment{color	rgb <0.589999973773956,0.409999996423721,0.310000002384186>}
	}
	matrix
		<1.000000000000000,0.000000000000000,0.000000000000000,
		0.000000000000000,0.819152057170868,0.573576450347900,
		0.000000000000000,-0.573576450347900,0.819152057170868,
		-19.000000000000000,14.339410781860352,-70.478805541992188>
}
polygon{
	5,
	<0.5,2,6.5>
	<1,2,6.5>
	<1,2,7>
	<0.5,2,7>
	<0.5,2,6.5>


	texture {
//material disabled reverting to direct coloring
			pigment{color	rgb <0.589999973773956,0.409999996423721,0.310000002384186>}
	}
	matrix
		<1.000000000000000,0.000000000000000,0.000000000000000,
		0.000000000000000,0.819152057170868,0.573576450347900,
		0.000000000000000,-0.573576450347900,0.819152057170868,
		-19.000000000000000,14.339410781860352,-70.478805541992188>
}
polygon{
	5,
	<0.5,0.1,6.5>
	<1,0.1,6.5>
	<1,2,6.5>
	<0.5,2,6.5>
	<0.5,0.1,6.5>


	texture {
//material disabled reverting to direct coloring
			pigment{color	rgb <0.589999973773956,0.409999996423721,0.310000002384186>}
	}
	matrix
		<1.000000000000000,0.000000000000000,0.000000000000000,
		0.000000000000000,0.819152057170868,0.573576450347900,
		0.000000000000000,-0.573576450347900,0.819152057170868,
		-19.000000000000000,14.339410781860352,-70.478805541992188>
}
polygon{
	5,
	<0.5,0.1,7>
	<1,0.1,7>
	<1,2,7>
	<0.5,2,7>
	<0.5,0.1,7>


	texture {
//material disabled reverting to direct coloring
			pigment{color	rgb <0.589999973773956,0.409999996423721,0.310000002384186>}
	}
	matrix
		<1.000000000000000,0.000000000000000,0.000000000000000,
		0.000000000000000,0.819152057170868,0.573576450347900,
		0.000000000000000,-0.573576450347900,0.819152057170868,
		-19.000000000000000,14.339410781860352,-70.478805541992188>
}
polygon{
	5,
	<1,0.1,6.5>
	<1,0.1,7>
	<1,2,7>
	<1,2,6.5>
	<1,0.1,6.5>


	texture {
//material disabled reverting to direct coloring
			pigment{color	rgb <0.589999973773956,0.409999996423721,0.310000002384186>}
	}
	matrix
		<1.000000000000000,0.000000000000000,0.000000000000000,
		0.000000000000000,0.819152057170868,0.573576450347900,
		0.000000000000000,-0.573576450347900,0.819152057170868,
		-19.000000000000000,14.339410781860352,-70.478805541992188>
}
polygon{
	5,
	<0.5,0.1,6.5>
	<0.5,0.1,7>
	<0.5,2,7>
	<0.5,2,6.5>
	<0.5,0.1,6.5>


	texture {
//material disabled reverting to direct coloring
			pigment{color	rgb <0.589999973773956,0.409999996423721,0.310000002384186>}
	}
	matrix
		<1.000000000000000,0.000000000000000,0.000000000000000,
		0.000000000000000,0.819152057170868,0.573576450347900,
		0.000000000000000,-0.573576450347900,0.819152057170868,
		-19.000000000000000,14.339410781860352,-70.478805541992188>
}
polygon{
	5,
	<0.6,0.3,6.5>
	<0.6,0.3,9>
	<0.9,0.3,9>
	<0.9,0.3,6.5>
	<0.6,0.3,6.5>


	texture {
//material disabled reverting to direct coloring
			pigment{color	rgb <0.589999973773956,0.409999996423721,0.310000002384186>}
	}
	matrix
		<1.000000000000000,0.000000000000000,0.000000000000000,
		0.000000000000000,0.819152057170868,0.573576450347900,
		0.000000000000000,-0.573576450347900,0.819152057170868,
		-19.000000000000000,14.339410781860352,-70.478805541992188>
}
polygon{
	5,
	<0.6,0.7,6.5>
	<0.6,0.7,9>
	<0.9,0.7,9>
	<0.9,0.7,6.5>
	<0.6,0.7,6.5>


	texture {
//material disabled reverting to direct coloring
			pigment{color	rgb <0.589999973773956,0.409999996423721,0.310000002384186>}
	}
	matrix
		<1.000000000000000,0.000000000000000,0.000000000000000,
		0.000000000000000,0.819152057170868,0.573576450347900,
		0.000000000000000,-0.573576450347900,0.819152057170868,
		-19.000000000000000,14.339410781860352,-70.478805541992188>
}
polygon{
	5,
	<0.6,1.3,6.5>
	<0.6,1.3,9>
	<0.9,1.3,9>
	<0.9,1.3,6.5>
	<0.6,1.3,6.5>


	texture {
//material disabled reverting to direct coloring
			pigment{color	rgb <0.589999973773956,0.409999996423721,0.310000002384186>}
	}
	matrix
		<1.000000000000000,0.000000000000000,0.000000000000000,
		0.000000000000000,0.819152057170868,0.573576450347900,
		0.000000000000000,-0.573576450347900,0.819152057170868,
		-19.000000000000000,14.339410781860352,-70.478805541992188>
}
polygon{
	5,
	<0.6,1.7,6.5>
	<0.6,1.7,9>
	<0.9,1.7,9>
	<0.9,1.7,6.5>
	<0.6,1.7,6.5>


	texture {
//material disabled reverting to direct coloring
			pigment{color	rgb <0.589999973773956,0.409999996423721,0.310000002384186>}
	}
	matrix
		<1.000000000000000,0.000000000000000,0.000000000000000,
		0.000000000000000,0.819152057170868,0.573576450347900,
		0.000000000000000,-0.573576450347900,0.819152057170868,
		-19.000000000000000,14.339410781860352,-70.478805541992188>
}
polygon{
	5,
	<0.6,0.3,6.5>
	<0.6,0.3,9>
	<0.6,0.7,9>
	<0.6,0.7,6.5>
	<0.6,0.3,6.5>


	texture {
//material disabled reverting to direct coloring
			pigment{color	rgb <0.589999973773956,0.409999996423721,0.310000002384186>}
	}
	matrix
		<1.000000000000000,0.000000000000000,0.000000000000000,
		0.000000000000000,0.819152057170868,0.573576450347900,
		0.000000000000000,-0.573576450347900,0.819152057170868,
		-19.000000000000000,14.339410781860352,-70.478805541992188>
}
polygon{
	5,
	<0.9,0.3,6.5>
	<0.9,0.3,9>
	<0.9,0.7,9>
	<0.9,0.7,6.5>
	<0.9,0.3,6.5>


	texture {
//material disabled reverting to direct coloring
			pigment{color	rgb <0.589999973773956,0.409999996423721,0.310000002384186>}
	}
	matrix
		<1.000000000000000,0.000000000000000,0.000000000000000,
		0.000000000000000,0.819152057170868,0.573576450347900,
		0.000000000000000,-0.573576450347900,0.819152057170868,
		-19.000000000000000,14.339410781860352,-70.478805541992188>
}
polygon{
	5,
	<0.6,1.3,6.5>
	<0.6,1.3,9>
	<0.6,1.7,9>
	<0.6,1.7,6.5>
	<0.6,1.3,6.5>


	texture {
//material disabled reverting to direct coloring
			pigment{color	rgb <0.589999973773956,0.409999996423721,0.310000002384186>}
	}
	matrix
		<1.000000000000000,0.000000000000000,0.000000000000000,
		0.000000000000000,0.819152057170868,0.573576450347900,
		0.000000000000000,-0.573576450347900,0.819152057170868,
		-19.000000000000000,14.339410781860352,-70.478805541992188>
}
polygon{
	5,
	<0.9,1.3,6.5>
	<0.9,1.3,9>
	<0.9,1.7,9>
	<0.9,1.7,6.5>
	<0.9,1.3,6.5>


	texture {
//material disabled reverting to direct coloring
			pigment{color	rgb <0.589999973773956,0.409999996423721,0.310000002384186>}
	}
	matrix
		<1.000000000000000,0.000000000000000,0.000000000000000,
		0.000000000000000,0.819152057170868,0.573576450347900,
		0.000000000000000,-0.573576450347900,0.819152057170868,
		-19.000000000000000,14.339410781860352,-70.478805541992188>
}
polygon{
	5,
	<0.5,2,8.5>
	<1,2,8.5>
	<1,2,9>
	<0.5,2,9>
	<0.5,2,8.5>


	texture {
//material disabled reverting to direct coloring
			pigment{color	rgb <0.589999973773956,0.409999996423721,0.310000002384186>}
	}
	matrix
		<1.000000000000000,0.000000000000000,0.000000000000000,
		0.000000000000000,0.819152057170868,0.573576450347900,
		0.000000000000000,-0.573576450347900,0.819152057170868,
		-19.000000000000000,14.339410781860352,-70.478805541992188>
}
polygon{
	5,
	<0.5,0.1,8.5>
	<1,0.1,8.5>
	<1,2,8.5>
	<0.5,2,8.5>
	<0.5,0.1,8.5>


	texture {
//material disabled reverting to direct coloring
			pigment{color	rgb <0.589999973773956,0.409999996423721,0.310000002384186>}
	}
	matrix
		<1.000000000000000,0.000000000000000,0.000000000000000,
		0.000000000000000,0.819152057170868,0.573576450347900,
		0.000000000000000,-0.573576450347900,0.819152057170868,
		-19.000000000000000,14.339410781860352,-70.478805541992188>
}
polygon{
	5,
	<0.5,0.1,9>
	<1,0.1,9>
	<1,2,9>
	<0.5,2,9>
	<0.5,0.1,9>


	texture {
//material disabled reverting to direct coloring
			pigment{color	rgb <0.589999973773956,0.409999996423721,0.310000002384186>}
	}
	matrix
		<1.000000000000000,0.000000000000000,0.000000000000000,
		0.000000000000000,0.819152057170868,0.573576450347900,
		0.000000000000000,-0.573576450347900,0.819152057170868,
		-19.000000000000000,14.339410781860352,-70.478805541992188>
}
polygon{
	5,
	<1,0.1,8.5>
	<1,0.1,9>
	<1,2,9>
	<1,2,8.5>
	<1,0.1,8.5>


	texture {
//material disabled reverting to direct coloring
			pigment{color	rgb <0.589999973773956,0.409999996423721,0.310000002384186>}
	}
	matrix
		<1.000000000000000,0.000000000000000,0.000000000000000,
		0.000000000000000,0.819152057170868,0.573576450347900,
		0.000000000000000,-0.573576450347900,0.819152057170868,
		-19.000000000000000,14.339410781860352,-70.478805541992188>
}
polygon{
	5,
	<0.5,0.1,8.5>
	<0.5,0.1,9>
	<0.5,2,9>
	<0.5,2,8.5>
	<0.5,0.1,8.5>


	texture {
//material disabled reverting to direct coloring
			pigment{color	rgb <0.589999973773956,0.409999996423721,0.310000002384186>}
	}
	matrix
		<1.000000000000000,0.000000000000000,0.000000000000000,
		0.000000000000000,0.819152057170868,0.573576450347900,
		0.000000000000000,-0.573576450347900,0.819152057170868,
		-19.000000000000000,14.339410781860352,-70.478805541992188>
}
polygon{
	5,
	<0.6,0.3,8.5>
	<0.6,0.3,11>
	<0.9,0.3,11>
	<0.9,0.3,8.5>
	<0.6,0.3,8.5>


	texture {
//material disabled reverting to direct coloring
			pigment{color	rgb <0.589999973773956,0.409999996423721,0.310000002384186>}
	}
	matrix
		<1.000000000000000,0.000000000000000,0.000000000000000,
		0.000000000000000,0.819152057170868,0.573576450347900,
		0.000000000000000,-0.573576450347900,0.819152057170868,
		-19.000000000000000,14.339410781860352,-70.478805541992188>
}
polygon{
	5,
	<0.6,0.7,8.5>
	<0.6,0.7,11>
	<0.9,0.7,11>
	<0.9,0.7,8.5>
	<0.6,0.7,8.5>


	texture {
//material disabled reverting to direct coloring
			pigment{color	rgb <0.589999973773956,0.409999996423721,0.310000002384186>}
	}
	matrix
		<1.000000000000000,0.000000000000000,0.000000000000000,
		0.000000000000000,0.819152057170868,0.573576450347900,
		0.000000000000000,-0.573576450347900,0.819152057170868,
		-19.000000000000000,14.339410781860352,-70.478805541992188>
}
polygon{
	5,
	<0.6,1.3,8.5>
	<0.6,1.3,11>
	<0.9,1.3,11>
	<0.9,1.3,8.5>
	<0.6,1.3,8.5>


	texture {
//material disabled reverting to direct coloring
			pigment{color	rgb <0.589999973773956,0.409999996423721,0.310000002384186>}
	}
	matrix
		<1.000000000000000,0.000000000000000,0.000000000000000,
		0.000000000000000,0.819152057170868,0.573576450347900,
		0.000000000000000,-0.573576450347900,0.819152057170868,
		-19.000000000000000,14.339410781860352,-70.478805541992188>
}
polygon{
	5,
	<0.6,1.7,8.5>
	<0.6,1.7,11>
	<0.9,1.7,11>
	<0.9,1.7,8.5>
	<0.6,1.7,8.5>


	texture {
//material disabled reverting to direct coloring
			pigment{color	rgb <0.589999973773956,0.409999996423721,0.310000002384186>}
	}
	matrix
		<1.000000000000000,0.000000000000000,0.000000000000000,
		0.000000000000000,0.819152057170868,0.573576450347900,
		0.000000000000000,-0.573576450347900,0.819152057170868,
		-19.000000000000000,14.339410781860352,-70.478805541992188>
}
polygon{
	5,
	<0.6,0.3,8.5>
	<0.6,0.3,11>
	<0.6,0.7,11>
	<0.6,0.7,8.5>
	<0.6,0.3,8.5>


	texture {
//material disabled reverting to direct coloring
			pigment{color	rgb <0.589999973773956,0.409999996423721,0.310000002384186>}
	}
	matrix
		<1.000000000000000,0.000000000000000,0.000000000000000,
		0.000000000000000,0.819152057170868,0.573576450347900,
		0.000000000000000,-0.573576450347900,0.819152057170868,
		-19.000000000000000,14.339410781860352,-70.478805541992188>
}
polygon{
	5,
	<0.9,0.3,8.5>
	<0.9,0.3,11>
	<0.9,0.7,11>
	<0.9,0.7,8.5>
	<0.9,0.3,8.5>


	texture {
//material disabled reverting to direct coloring
			pigment{color	rgb <0.589999973773956,0.409999996423721,0.310000002384186>}
	}
	matrix
		<1.000000000000000,0.000000000000000,0.000000000000000,
		0.000000000000000,0.819152057170868,0.573576450347900,
		0.000000000000000,-0.573576450347900,0.819152057170868,
		-19.000000000000000,14.339410781860352,-70.478805541992188>
}
polygon{
	5,
	<0.6,1.3,8.5>
	<0.6,1.3,11>
	<0.6,1.7,11>
	<0.6,1.7,8.5>
	<0.6,1.3,8.5>


	texture {
//material disabled reverting to direct coloring
			pigment{color	rgb <0.589999973773956,0.409999996423721,0.310000002384186>}
	}
	matrix
		<1.000000000000000,0.000000000000000,0.000000000000000,
		0.000000000000000,0.819152057170868,0.573576450347900,
		0.000000000000000,-0.573576450347900,0.819152057170868,
		-19.000000000000000,14.339410781860352,-70.478805541992188>
}
polygon{
	5,
	<0.9,1.3,8.5>
	<0.9,1.3,11>
	<0.9,1.7,11>
	<0.9,1.7,8.5>
	<0.9,1.3,8.5>


	texture {
//material disabled reverting to direct coloring
			pigment{color	rgb <0.589999973773956,0.409999996423721,0.310000002384186>}
	}
	matrix
		<1.000000000000000,0.000000000000000,0.000000000000000,
		0.000000000000000,0.819152057170868,0.573576450347900,
		0.000000000000000,-0.573576450347900,0.819152057170868,
		-19.000000000000000,14.339410781860352,-70.478805541992188>
}
polygon{
	5,
	<0.5,2,10.5>
	<1,2,10.5>
	<1,2,11>
	<0.5,2,11>
	<0.5,2,10.5>


	texture {
//material disabled reverting to direct coloring
			pigment{color	rgb <0.589999973773956,0.409999996423721,0.310000002384186>}
	}
	matrix
		<1.000000000000000,0.000000000000000,0.000000000000000,
		0.000000000000000,0.819152057170868,0.573576450347900,
		0.000000000000000,-0.573576450347900,0.819152057170868,
		-19.000000000000000,14.339410781860352,-70.478805541992188>
}
polygon{
	5,
	<0.5,0.1,10.5>
	<1,0.1,10.5>
	<1,2,10.5>
	<0.5,2,10.5>
	<0.5,0.1,10.5>


	texture {
//material disabled reverting to direct coloring
			pigment{color	rgb <0.589999973773956,0.409999996423721,0.310000002384186>}
	}
	matrix
		<1.000000000000000,0.000000000000000,0.000000000000000,
		0.000000000000000,0.819152057170868,0.573576450347900,
		0.000000000000000,-0.573576450347900,0.819152057170868,
		-19.000000000000000,14.339410781860352,-70.478805541992188>
}
polygon{
	5,
	<0.5,0.1,11>
	<1,0.1,11>
	<1,2,11>
	<0.5,2,11>
	<0.5,0.1,11>


	texture {
//material disabled reverting to direct coloring
			pigment{color	rgb <0.589999973773956,0.409999996423721,0.310000002384186>}
	}
	matrix
		<1.000000000000000,0.000000000000000,0.000000000000000,
		0.000000000000000,0.819152057170868,0.573576450347900,
		0.000000000000000,-0.573576450347900,0.819152057170868,
		-19.000000000000000,14.339410781860352,-70.478805541992188>
}
polygon{
	5,
	<1,0.1,10.5>
	<1,0.1,11>
	<1,2,11>
	<1,2,10.5>
	<1,0.1,10.5>


	texture {
//material disabled reverting to direct coloring
			pigment{color	rgb <0.589999973773956,0.409999996423721,0.310000002384186>}
	}
	matrix
		<1.000000000000000,0.000000000000000,0.000000000000000,
		0.000000000000000,0.819152057170868,0.573576450347900,
		0.000000000000000,-0.573576450347900,0.819152057170868,
		-19.000000000000000,14.339410781860352,-70.478805541992188>
}
polygon{
	5,
	<0.5,0.1,10.5>
	<0.5,0.1,11>
	<0.5,2,11>
	<0.5,2,10.5>
	<0.5,0.1,10.5>


	texture {
//material disabled reverting to direct coloring
			pigment{color	rgb <0.589999973773956,0.409999996423721,0.310000002384186>}
	}
	matrix
		<1.000000000000000,0.000000000000000,0.000000000000000,
		0.000000000000000,0.819152057170868,0.573576450347900,
		0.000000000000000,-0.573576450347900,0.819152057170868,
		-19.000000000000000,14.339410781860352,-70.478805541992188>
}
polygon{
	5,
	<0.6,0.3,10.5>
	<0.6,0.3,13>
	<0.9,0.3,13>
	<0.9,0.3,10.5>
	<0.6,0.3,10.5>


	texture {
//material disabled reverting to direct coloring
			pigment{color	rgb <0.589999973773956,0.409999996423721,0.310000002384186>}
	}
	matrix
		<1.000000000000000,0.000000000000000,0.000000000000000,
		0.000000000000000,0.819152057170868,0.573576450347900,
		0.000000000000000,-0.573576450347900,0.819152057170868,
		-19.000000000000000,14.339410781860352,-70.478805541992188>
}
polygon{
	5,
	<0.6,0.7,10.5>
	<0.6,0.7,13>
	<0.9,0.7,13>
	<0.9,0.7,10.5>
	<0.6,0.7,10.5>


	texture {
//material disabled reverting to direct coloring
			pigment{color	rgb <0.589999973773956,0.409999996423721,0.310000002384186>}
	}
	matrix
		<1.000000000000000,0.000000000000000,0.000000000000000,
		0.000000000000000,0.819152057170868,0.573576450347900,
		0.000000000000000,-0.573576450347900,0.819152057170868,
		-19.000000000000000,14.339410781860352,-70.478805541992188>
}
polygon{
	5,
	<0.6,1.3,10.5>
	<0.6,1.3,13>
	<0.9,1.3,13>
	<0.9,1.3,10.5>
	<0.6,1.3,10.5>


	texture {
//material disabled reverting to direct coloring
			pigment{color	rgb <0.589999973773956,0.409999996423721,0.310000002384186>}
	}
	matrix
		<1.000000000000000,0.000000000000000,0.000000000000000,
		0.000000000000000,0.819152057170868,0.573576450347900,
		0.000000000000000,-0.573576450347900,0.819152057170868,
		-19.000000000000000,14.339410781860352,-70.478805541992188>
}
polygon{
	5,
	<0.6,1.7,10.5>
	<0.6,1.7,13>
	<0.9,1.7,13>
	<0.9,1.7,10.5>
	<0.6,1.7,10.5>


	texture {
//material disabled reverting to direct coloring
			pigment{color	rgb <0.589999973773956,0.409999996423721,0.310000002384186>}
	}
	matrix
		<1.000000000000000,0.000000000000000,0.000000000000000,
		0.000000000000000,0.819152057170868,0.573576450347900,
		0.000000000000000,-0.573576450347900,0.819152057170868,
		-19.000000000000000,14.339410781860352,-70.478805541992188>
}
polygon{
	5,
	<0.6,0.3,10.5>
	<0.6,0.3,13>
	<0.6,0.7,13>
	<0.6,0.7,10.5>
	<0.6,0.3,10.5>


	texture {
//material disabled reverting to direct coloring
			pigment{color	rgb <0.589999973773956,0.409999996423721,0.310000002384186>}
	}
	matrix
		<1.000000000000000,0.000000000000000,0.000000000000000,
		0.000000000000000,0.819152057170868,0.573576450347900,
		0.000000000000000,-0.573576450347900,0.819152057170868,
		-19.000000000000000,14.339410781860352,-70.478805541992188>
}
polygon{
	5,
	<0.9,0.3,10.5>
	<0.9,0.3,13>
	<0.9,0.7,13>
	<0.9,0.7,10.5>
	<0.9,0.3,10.5>


	texture {
//material disabled reverting to direct coloring
			pigment{color	rgb <0.589999973773956,0.409999996423721,0.310000002384186>}
	}
	matrix
		<1.000000000000000,0.000000000000000,0.000000000000000,
		0.000000000000000,0.819152057170868,0.573576450347900,
		0.000000000000000,-0.573576450347900,0.819152057170868,
		-19.000000000000000,14.339410781860352,-70.478805541992188>
}
polygon{
	5,
	<0.6,1.3,10.5>
	<0.6,1.3,13>
	<0.6,1.7,13>
	<0.6,1.7,10.5>
	<0.6,1.3,10.5>


	texture {
//material disabled reverting to direct coloring
			pigment{color	rgb <0.589999973773956,0.409999996423721,0.310000002384186>}
	}
	matrix
		<1.000000000000000,0.000000000000000,0.000000000000000,
		0.000000000000000,0.819152057170868,0.573576450347900,
		0.000000000000000,-0.573576450347900,0.819152057170868,
		-19.000000000000000,14.339410781860352,-70.478805541992188>
}
polygon{
	5,
	<0.9,1.3,10.5>
	<0.9,1.3,13>
	<0.9,1.7,13>
	<0.9,1.7,10.5>
	<0.9,1.3,10.5>


	texture {
//material disabled reverting to direct coloring
			pigment{color	rgb <0.589999973773956,0.409999996423721,0.310000002384186>}
	}
	matrix
		<1.000000000000000,0.000000000000000,0.000000000000000,
		0.000000000000000,0.819152057170868,0.573576450347900,
		0.000000000000000,-0.573576450347900,0.819152057170868,
		-19.000000000000000,14.339410781860352,-70.478805541992188>
}
polygon{
	5,
	<0.5,2,12.5>
	<1,2,12.5>
	<1,2,13>
	<0.5,2,13>
	<0.5,2,12.5>


	texture {
//material disabled reverting to direct coloring
			pigment{color	rgb <0.589999973773956,0.409999996423721,0.310000002384186>}
	}
	matrix
		<1.000000000000000,0.000000000000000,0.000000000000000,
		0.000000000000000,0.819152057170868,0.573576450347900,
		0.000000000000000,-0.573576450347900,0.819152057170868,
		-19.000000000000000,14.339410781860352,-70.478805541992188>
}
polygon{
	5,
	<0.5,0.1,12.5>
	<1,0.1,12.5>
	<1,2,12.5>
	<0.5,2,12.5>
	<0.5,0.1,12.5>


	texture {
//material disabled reverting to direct coloring
			pigment{color	rgb <0.589999973773956,0.409999996423721,0.310000002384186>}
	}
	matrix
		<1.000000000000000,0.000000000000000,0.000000000000000,
		0.000000000000000,0.819152057170868,0.573576450347900,
		0.000000000000000,-0.573576450347900,0.819152057170868,
		-19.000000000000000,14.339410781860352,-70.478805541992188>
}
polygon{
	5,
	<0.5,0.1,13>
	<1,0.1,13>
	<1,2,13>
	<0.5,2,13>
	<0.5,0.1,13>


	texture {
//material disabled reverting to direct coloring
			pigment{color	rgb <0.589999973773956,0.409999996423721,0.310000002384186>}
	}
	matrix
		<1.000000000000000,0.000000000000000,0.000000000000000,
		0.000000000000000,0.819152057170868,0.573576450347900,
		0.000000000000000,-0.573576450347900,0.819152057170868,
		-19.000000000000000,14.339410781860352,-70.478805541992188>
}
polygon{
	5,
	<1,0.1,12.5>
	<1,0.1,13>
	<1,2,13>
	<1,2,12.5>
	<1,0.1,12.5>


	texture {
//material disabled reverting to direct coloring
			pigment{color	rgb <0.589999973773956,0.409999996423721,0.310000002384186>}
	}
	matrix
		<1.000000000000000,0.000000000000000,0.000000000000000,
		0.000000000000000,0.819152057170868,0.573576450347900,
		0.000000000000000,-0.573576450347900,0.819152057170868,
		-19.000000000000000,14.339410781860352,-70.478805541992188>
}
polygon{
	5,
	<0.5,0.1,12.5>
	<0.5,0.1,13>
	<0.5,2,13>
	<0.5,2,12.5>
	<0.5,0.1,12.5>


	texture {
//material disabled reverting to direct coloring
			pigment{color	rgb <0.589999973773956,0.409999996423721,0.310000002384186>}
	}
	matrix
		<1.000000000000000,0.000000000000000,0.000000000000000,
